46.7201582595
44.4055680408
42.1008668634
40.6287487419
38.4750082146
35.2174953211
20.1359760212
14.1434855334
7.09480205199
341.339263282
350.389922676
354.935979972
350.625536738
349.981539271
343.868888938
335.561359092
327.146060393
326.670071274
330.139639229
331.479697652
322.174008542
334.498254174
38.4527440028
52.060298149
63.0492241778
73.5003277327
77.5181405968
84.4895396901
80.2570301664
77.3392824336
74.8759807942
68.2455301892
62.7170757579
62.2376959622
57.9616676685
52.8272575377
51.8153527634
